1
3
7
8
9
10
12
13
15
17
18
23
29
30
34
36
38
39
46
52
53
56
58
65
69
72
78
86
91
93
96
98
99
102
104
112
114
115
118
120
121
125
127
128
134
136
146
147
148
149
150
152
153
154
155
159
162
169
170
171
176
177
179
184
186
189
190
194
197
200
201
203
208
209
211
212
213
215
216
219
222
223
225
235
239
241
251
252
255
258
259
265
271
273
278
286
288
289
292
294
298
301
303
306
312
315
321
322
323
326
333
335
336
337
340
344
346
350
352
353
357
359
362
371
373
375
376
377
379
384
386
388
391
394
404
405
412
413
416
417
418
420
421
422
427
439
441
444
445
451
452
453
455
456
457
458
460
462
465
471
474
479
486
490
491
492
493
500
512
516
517
518
521
530
533
536
541
542
543
546
549
550
551
552
555
556
563
573
579
581
585
586
587
595
604
611
612
613
616
619
623
624
628
629
632
634
638
640
641
642
644
645
646
653
660
667
668
669
671
673
674
675
679
682
683
686
687
689
691
692
693
697
703
707
709
716
717
721
722
728
731
736
741
742
747
749
751
752
753
754
756
761
763
764
770
774
776
781
785
794
795
804
805
812
813
820
827
828
837
839
840
842
844
849
850
852
855
858
859
862
863
864
866
869
871
872
882
892
895
897
899
900
901
903
904
910
911
921
923
925
933
935
936
938
948
949
952
955
957
958
961
962
964
965
966
968
969
970
971
972
974
975
978
979
981
983
989
991
992
